4 0.5576923076923077 0.75 0.03365384615384615 0.03365384615384615
6 0.42788461538461536 0.3605769230769231 0.052884615384615384 0.052884615384615384
2 0.40625 0.5408653846153846 0.0673076923076923 0.0673076923076923
0 0.71875 0.09134615384615384 0.10096153846153846 0.10096153846153846
6 0.3701923076923077 0.9110576923076923 0.1346153846153846 0.1346153846153846
2 0.14423076923076922 0.8966346153846154 0.0673076923076923 0.0673076923076923
2 0.8149038461538461 0.8822115384615384 0.10096153846153846 0.10096153846153846
8 0.8293269230769231 0.3173076923076923 0.0673076923076923 0.0673076923076923
3 0.16826923076923078 0.5528846153846154 0.2692307692307692 0.2692307692307692
7 0.6274038461538461 0.44471153846153844 0.2692307692307692 0.2692307692307692
8 0.13942307692307693 0.20673076923076922 0.2692307692307692 0.2692307692307692
