2 0.5721153846153846 0.22596153846153846 0.052884615384615384 0.052884615384615384
4 0.8822115384615384 0.2692307692307692 0.052884615384615384 0.052884615384615384
1 0.10096153846153846 0.8846153846153846 0.03365384615384615 0.03365384615384615
9 0.1201923076923077 0.3004807692307692 0.10096153846153846 0.10096153846153846
1 0.5336538461538461 0.47836538461538464 0.10096153846153846 0.10096153846153846
6 0.7644230769230769 0.7475961538461539 0.1346153846153846 0.1346153846153846
6 0.16826923076923078 0.49278846153846156 0.10096153846153846 0.10096153846153846
6 0.41586538461538464 0.6177884615384616 0.10096153846153846 0.10096153846153846
5 0.37740384615384615 0.7980769230769231 0.2692307692307692 0.2692307692307692
7 0.12980769230769232 0.71875 0.20192307692307693 0.20192307692307693
6 0.33413461538461536 0.15384615384615385 0.20192307692307693 0.20192307692307693
