2 0.84375 0.3485576923076923 0.03365384615384615 0.03365384615384615
4 0.75 0.22596153846153846 0.03365384615384615 0.03365384615384615
7 0.6490384615384616 0.13221153846153846 0.03365384615384615 0.03365384615384615
1 0.8870192307692307 0.8028846153846154 0.10096153846153846 0.10096153846153846
0 0.7980769230769231 0.4567307692307692 0.1346153846153846 0.1346153846153846
4 0.5697115384615384 0.5913461538461539 0.1346153846153846 0.1346153846153846
8 0.4567307692307692 0.17548076923076922 0.1346153846153846 0.1346153846153846
9 0.05048076923076923 0.49278846153846156 0.0673076923076923 0.0673076923076923
5 0.28846153846153844 0.8846153846153846 0.20192307692307693 0.20192307692307693
0 0.1971153846153846 0.46634615384615385 0.2692307692307692 0.2692307692307692
