1 0.8942307692307693 0.17548076923076922 0.052884615384615384 0.052884615384615384
4 0.11778846153846154 0.13221153846153846 0.03365384615384615 0.03365384615384615
3 0.5144230769230769 0.028846153846153848 0.03365384615384615 0.03365384615384615
4 0.16346153846153846 0.6923076923076923 0.1346153846153846 0.1346153846153846
5 0.53125 0.13942307692307693 0.1346153846153846 0.1346153846153846
3 0.09375 0.4206730769230769 0.1346153846153846 0.1346153846153846
3 0.8798076923076923 0.5072115384615384 0.10096153846153846 0.10096153846153846
8 0.46875 0.6875 0.20192307692307693 0.20192307692307693
8 0.7764423076923077 0.7379807692307693 0.2692307692307692 0.2692307692307692
1 0.34615384615384615 0.4567307692307692 0.2692307692307692 0.2692307692307692
