4 0.47836538461538464 0.7451923076923077 0.03365384615384615 0.03365384615384615
8 0.23076923076923078 0.7211538461538461 0.052884615384615384 0.052884615384615384
5 0.20673076923076922 0.3245192307692308 0.1346153846153846 0.1346153846153846
6 0.45913461538461536 0.8533653846153846 0.10096153846153846 0.10096153846153846
3 0.8413461538461539 0.7355769230769231 0.10096153846153846 0.10096153846153846
1 0.9110576923076923 0.6514423076923077 0.0673076923076923 0.0673076923076923
4 0.34375 0.24519230769230768 0.1346153846153846 0.1346153846153846
7 0.6730769230769231 0.6658653846153846 0.20192307692307693 0.20192307692307693
9 0.4951923076923077 0.49759615384615385 0.20192307692307693 0.20192307692307693
6 0.7548076923076923 0.20192307692307693 0.20192307692307693 0.20192307692307693
