1 0.8677884615384616 0.5649038461538461 0.052884615384615384 0.052884615384615384
2 0.2980769230769231 0.0673076923076923 0.03365384615384615 0.03365384615384615
2 0.4206730769230769 0.11057692307692307 0.03365384615384615 0.03365384615384615
0 0.6754807692307693 0.5697115384615384 0.10096153846153846 0.10096153846153846
6 0.6274038461538461 0.28125 0.10096153846153846 0.10096153846153846
0 0.30288461538461536 0.5625 0.0673076923076923 0.0673076923076923
6 0.25 0.45913461538461536 0.1346153846153846 0.1346153846153846
2 0.42788461538461536 0.5817307692307693 0.10096153846153846 0.10096153846153846
1 0.4639423076923077 0.3918269230769231 0.20192307692307693 0.20192307692307693
1 0.16826923076923078 0.23798076923076922 0.2692307692307692 0.2692307692307692
5 0.5360576923076923 0.13701923076923078 0.20192307692307693 0.20192307692307693
