9 0.5456730769230769 0.3701923076923077 0.03365384615384615 0.03365384615384615
2 0.057692307692307696 0.4855769230769231 0.10096153846153846 0.10096153846153846
0 0.9639423076923077 0.8846153846153846 0.0673076923076923 0.0673076923076923
9 0.11778846153846154 0.25721153846153844 0.10096153846153846 0.10096153846153846
7 0.1658653846153846 0.6081730769230769 0.1346153846153846 0.1346153846153846
4 0.6418269230769231 0.40384615384615385 0.0673076923076923 0.0673076923076923
6 0.6658653846153846 0.7211538461538461 0.10096153846153846 0.10096153846153846
3 0.6105769230769231 0.22355769230769232 0.2692307692307692 0.2692307692307692
5 0.46153846153846156 0.7259615384615384 0.2692307692307692 0.2692307692307692
6 0.8774038461538461 0.5 0.20192307692307693 0.20192307692307693
