6 0.7427884615384616 0.30528846153846156 0.03365384615384615 0.03365384615384615
8 0.5841346153846154 0.38221153846153844 0.03365384615384615 0.03365384615384615
9 0.8269230769230769 0.5144230769230769 0.1346153846153846 0.1346153846153846
2 0.14423076923076922 0.6322115384615384 0.10096153846153846 0.10096153846153846
1 0.7043269230769231 0.20192307692307693 0.1346153846153846 0.1346153846153846
0 0.5216346153846154 0.13221153846153846 0.10096153846153846 0.10096153846153846
3 0.375 0.3245192307692308 0.1346153846153846 0.1346153846153846
6 0.8798076923076923 0.1971153846153846 0.20192307692307693 0.20192307692307693
1 0.6298076923076923 0.6274038461538461 0.20192307692307693 0.20192307692307693
0 0.8341346153846154 0.7740384615384616 0.20192307692307693 0.20192307692307693
