4 0.18028846153846154 0.6298076923076923 0.052884615384615384 0.052884615384615384
1 0.23076923076923078 0.3918269230769231 0.0673076923076923 0.0673076923076923
6 0.09615384615384616 0.75 0.1346153846153846 0.1346153846153846
9 0.75 0.5432692307692307 0.1346153846153846 0.1346153846153846
4 0.43028846153846156 0.3485576923076923 0.10096153846153846 0.10096153846153846
0 0.37259615384615385 0.8461538461538461 0.1346153846153846 0.1346153846153846
5 0.08173076923076923 0.18269230769230768 0.10096153846153846 0.10096153846153846
0 0.4014423076923077 0.5913461538461539 0.2692307692307692 0.2692307692307692
1 0.5649038461538461 0.18990384615384615 0.2692307692307692 0.2692307692307692
9 0.8509615384615384 0.17067307692307693 0.20192307692307693 0.20192307692307693
