4 0.6490384615384616 0.8293269230769231 0.052884615384615384 0.052884615384615384
7 0.09134615384615384 0.026442307692307692 0.052884615384615384 0.052884615384615384
9 0.4831730769230769 0.03365384615384615 0.052884615384615384 0.052884615384615384
0 0.6634615384615384 0.10817307692307693 0.10096153846153846 0.10096153846153846
8 0.18509615384615385 0.1778846153846154 0.0673076923076923 0.0673076923076923
2 0.05048076923076923 0.5697115384615384 0.10096153846153846 0.10096153846153846
1 0.9158653846153846 0.4182692307692308 0.10096153846153846 0.10096153846153846
9 0.7932692307692307 0.7475961538461539 0.20192307692307693 0.20192307692307693
0 0.6490384615384616 0.3173076923076923 0.20192307692307693 0.20192307692307693
6 0.33653846153846156 0.4519230769230769 0.2692307692307692 0.2692307692307692
