5 0.8076923076923077 0.04567307692307692 0.03365384615384615 0.03365384615384615
1 0.375 0.3798076923076923 0.03365384615384615 0.03365384615384615
8 0.96875 0.12980769230769232 0.03365384615384615 0.03365384615384615
7 0.8365384615384616 0.8028846153846154 0.1346153846153846 0.1346153846153846
8 0.3125 0.3076923076923077 0.0673076923076923 0.0673076923076923
7 0.38221153846153844 0.6826923076923077 0.1346153846153846 0.1346153846153846
3 0.5216346153846154 0.2283653846153846 0.1346153846153846 0.1346153846153846
1 0.20192307692307693 0.25 0.0673076923076923 0.0673076923076923
6 0.15625 0.8221153846153846 0.2692307692307692 0.2692307692307692
7 0.7524038461538461 0.6105769230769231 0.2692307692307692 0.2692307692307692
