4 0.8774038461538461 0.3581730769230769 0.03365384615384615 0.03365384615384615
9 0.11538461538461539 0.30288461538461536 0.052884615384615384 0.052884615384615384
9 0.7043269230769231 0.06490384615384616 0.0673076923076923 0.0673076923076923
3 0.4375 0.4951923076923077 0.0673076923076923 0.0673076923076923
8 0.27403846153846156 0.36778846153846156 0.0673076923076923 0.0673076923076923
0 0.036057692307692304 0.15384615384615385 0.0673076923076923 0.0673076923076923
9 0.8125 0.10336538461538461 0.1346153846153846 0.1346153846153846
2 0.8557692307692307 0.46153846153846156 0.20192307692307693 0.20192307692307693
4 0.28365384615384615 0.7716346153846154 0.20192307692307693 0.20192307692307693
8 0.47596153846153844 0.1875 0.2692307692307692 0.2692307692307692
