2 0.19471153846153846 0.6274038461538461 0.03365384615384615 0.03365384615384615
2 0.7235576923076923 0.8341346153846154 0.052884615384615384 0.052884615384615384
5 0.7692307692307693 0.7115384615384616 0.10096153846153846 0.10096153846153846
9 0.5168269230769231 0.2692307692307692 0.1346153846153846 0.1346153846153846
8 0.8870192307692307 0.6274038461538461 0.1346153846153846 0.1346153846153846
2 0.11298076923076923 0.5216346153846154 0.10096153846153846 0.10096153846153846
3 0.9158653846153846 0.43990384615384615 0.1346153846153846 0.1346153846153846
7 0.4110576923076923 0.3076923076923077 0.0673076923076923 0.0673076923076923
7 0.6826923076923077 0.5649038461538461 0.20192307692307693 0.20192307692307693
5 0.12259615384615384 0.8485576923076923 0.20192307692307693 0.20192307692307693
9 0.34375 0.6394230769230769 0.2692307692307692 0.2692307692307692
