0 0.8004807692307693 0.49759615384615385 0.052884615384615384 0.052884615384615384
8 0.32211538461538464 0.7956730769230769 0.052884615384615384 0.052884615384615384
6 0.6923076923076923 0.6610576923076923 0.052884615384615384 0.052884615384615384
6 0.06971153846153846 0.7956730769230769 0.0673076923076923 0.0673076923076923
0 0.7307692307692307 0.8461538461538461 0.10096153846153846 0.10096153846153846
5 0.6971153846153846 0.22596153846153846 0.10096153846153846 0.10096153846153846
9 0.5745192307692307 0.7764423076923077 0.1346153846153846 0.1346153846153846
1 0.5625 0.41346153846153844 0.20192307692307693 0.20192307692307693
2 0.23076923076923078 0.6514423076923077 0.2692307692307692 0.2692307692307692
0 0.2620192307692308 0.15625 0.2692307692307692 0.2692307692307692
