9 0.6153846153846154 0.9302884615384616 0.03365384615384615 0.03365384615384615
4 0.18509615384615385 0.15625 0.03365384615384615 0.03365384615384615
9 0.7067307692307693 0.6490384615384616 0.1346153846153846 0.1346153846153846
3 0.18269230769230768 0.22355769230769232 0.0673076923076923 0.0673076923076923
6 0.23798076923076922 0.4495192307692308 0.0673076923076923 0.0673076923076923
3 0.4639423076923077 0.8293269230769231 0.0673076923076923 0.0673076923076923
7 0.7235576923076923 0.12259615384615384 0.10096153846153846 0.10096153846153846
6 0.16826923076923078 0.6225961538461539 0.20192307692307693 0.20192307692307693
6 0.6057692307692307 0.4879807692307692 0.20192307692307693 0.20192307692307693
4 0.8966346153846154 0.7788461538461539 0.20192307692307693 0.20192307692307693
