9 0.8894230769230769 0.8317307692307693 0.052884615384615384 0.052884615384615384
9 0.25240384615384615 0.2644230769230769 0.03365384615384615 0.03365384615384615
5 0.08413461538461539 0.055288461538461536 0.03365384615384615 0.03365384615384615
4 0.04326923076923077 0.6322115384615384 0.0673076923076923 0.0673076923076923
7 0.5769230769230769 0.4951923076923077 0.10096153846153846 0.10096153846153846
8 0.7163461538461539 0.3557692307692308 0.0673076923076923 0.0673076923076923
0 0.44471153846153844 0.9206730769230769 0.0673076923076923 0.0673076923076923
1 0.43028846153846156 0.39903846153846156 0.1346153846153846 0.1346153846153846
7 0.6850961538461539 0.052884615384615384 0.0673076923076923 0.0673076923076923
5 0.8149038461538461 0.5745192307692307 0.2692307692307692 0.2692307692307692
1 0.20673076923076922 0.5504807692307693 0.2692307692307692 0.2692307692307692
1 0.2860576923076923 0.14903846153846154 0.2692307692307692 0.2692307692307692
