6 0.20673076923076922 0.2764423076923077 0.052884615384615384 0.052884615384615384
8 0.5216346153846154 0.90625 0.03365384615384615 0.03365384615384615
0 0.10096153846153846 0.7163461538461539 0.052884615384615384 0.052884615384615384
5 0.9182692307692307 0.1875 0.1346153846153846 0.1346153846153846
0 0.5552884615384616 0.35336538461538464 0.10096153846153846 0.10096153846153846
2 0.18028846153846154 0.6706730769230769 0.10096153846153846 0.10096153846153846
7 0.34134615384615385 0.4807692307692308 0.0673076923076923 0.0673076923076923
3 0.7620192307692307 0.7668269230769231 0.2692307692307692 0.2692307692307692
9 0.38461538461538464 0.16826923076923078 0.20192307692307693 0.20192307692307693
3 0.7475961538461539 0.37740384615384615 0.2692307692307692 0.2692307692307692
