2 0.8629807692307693 0.0985576923076923 0.03365384615384615 0.03365384615384615
4 0.8509615384615384 0.6466346153846154 0.052884615384615384 0.052884615384615384
9 0.30528846153846156 0.6442307692307693 0.1346153846153846 0.1346153846153846
5 0.3581730769230769 0.9182692307692307 0.10096153846153846 0.10096153846153846
1 0.9086538461538461 0.37259615384615385 0.1346153846153846 0.1346153846153846
3 0.43509615384615385 0.11778846153846154 0.0673076923076923 0.0673076923076923
9 0.9014423076923077 0.5072115384615384 0.0673076923076923 0.0673076923076923
7 0.6298076923076923 0.4735576923076923 0.1346153846153846 0.1346153846153846
4 0.7307692307692307 0.17307692307692307 0.20192307692307693 0.20192307692307693
9 0.6706730769230769 0.7596153846153846 0.2692307692307692 0.2692307692307692
