9 0.27884615384615385 0.0985576923076923 0.03365384615384615 0.03365384615384615
9 0.6706730769230769 0.28846153846153844 0.052884615384615384 0.052884615384615384
6 0.3173076923076923 0.8509615384615384 0.03365384615384615 0.03365384615384615
9 0.1346153846153846 0.4423076923076923 0.1346153846153846 0.1346153846153846
7 0.9639423076923077 0.6322115384615384 0.0673076923076923 0.0673076923076923
5 0.7644230769230769 0.1658653846153846 0.0673076923076923 0.0673076923076923
2 0.8677884615384616 0.47115384615384615 0.10096153846153846 0.10096153846153846
7 0.6370192307692307 0.4807692307692308 0.10096153846153846 0.10096153846153846
7 0.6129807692307693 0.14903846153846154 0.1346153846153846 0.1346153846153846
1 0.4423076923076923 0.6778846153846154 0.2692307692307692 0.2692307692307692
2 0.8125 0.2932692307692308 0.20192307692307693 0.20192307692307693
8 0.14903846153846154 0.18990384615384615 0.20192307692307693 0.20192307692307693
