6 0.4495192307692308 0.90625 0.03365384615384615 0.03365384615384615
9 0.8365384615384616 0.7836538461538461 0.03365384615384615 0.03365384615384615
3 0.1658653846153846 0.8725961538461539 0.052884615384615384 0.052884615384615384
2 0.20673076923076922 0.5072115384615384 0.0673076923076923 0.0673076923076923
0 0.9206730769230769 0.78125 0.1346153846153846 0.1346153846153846
8 0.90625 0.9350961538461539 0.0673076923076923 0.0673076923076923
1 0.46153846153846156 0.5817307692307693 0.0673076923076923 0.0673076923076923
8 0.7475961538461539 0.06009615384615385 0.10096153846153846 0.10096153846153846
9 0.28846153846153844 0.8221153846153846 0.10096153846153846 0.10096153846153846
1 0.6875 0.2692307692307692 0.2692307692307692 0.2692307692307692
2 0.3870192307692308 0.34134615384615385 0.2692307692307692 0.2692307692307692
