6 0.7379807692307693 0.3798076923076923 0.03365384615384615 0.03365384615384615
3 0.10817307692307693 0.7283653846153846 0.03365384615384615 0.03365384615384615
4 0.6995192307692307 0.8918269230769231 0.1346153846153846 0.1346153846153846
8 0.23317307692307693 0.8533653846153846 0.1346153846153846 0.1346153846153846
4 0.04567307692307692 0.10576923076923077 0.0673076923076923 0.0673076923076923
7 0.9350961538461539 0.15625 0.10096153846153846 0.10096153846153846
7 0.5769230769230769 0.2980769230769231 0.0673076923076923 0.0673076923076923
0 0.8725961538461539 0.53125 0.20192307692307693 0.20192307692307693
4 0.16826923076923078 0.5576923076923077 0.2692307692307692 0.2692307692307692
7 0.25721153846153844 0.25961538461538464 0.2692307692307692 0.2692307692307692
