5 0.9519230769230769 0.43509615384615385 0.03365384615384615 0.03365384615384615
9 0.47836538461538464 0.33653846153846156 0.03365384615384615 0.03365384615384615
9 0.8894230769230769 0.8293269230769231 0.052884615384615384 0.052884615384615384
7 0.20192307692307693 0.78125 0.10096153846153846 0.10096153846153846
4 0.75 0.30288461538461536 0.1346153846153846 0.1346153846153846
6 0.41346153846153844 0.7427884615384616 0.10096153846153846 0.10096153846153846
0 0.7067307692307693 0.7620192307692307 0.10096153846153846 0.10096153846153846
3 0.59375 0.41586538461538464 0.1346153846153846 0.1346153846153846
0 0.7860576923076923 0.5048076923076923 0.2692307692307692 0.2692307692307692
5 0.2283653846153846 0.12980769230769232 0.20192307692307693 0.20192307692307693
