6 0.43990384615384615 0.07692307692307693 0.052884615384615384 0.052884615384615384
2 0.6610576923076923 0.5745192307692307 0.052884615384615384 0.052884615384615384
5 0.7980769230769231 0.14182692307692307 0.052884615384615384 0.052884615384615384
8 0.34615384615384615 0.7764423076923077 0.0673076923076923 0.0673076923076923
7 0.5360576923076923 0.5288461538461539 0.10096153846153846 0.10096153846153846
7 0.07932692307692307 0.8990384615384616 0.1346153846153846 0.1346153846153846
4 0.11538461538461539 0.5673076923076923 0.10096153846153846 0.10096153846153846
8 0.4230769230769231 0.21153846153846154 0.10096153846153846 0.10096153846153846
3 0.24278846153846154 0.3173076923076923 0.20192307692307693 0.20192307692307693
9 0.6634615384615384 0.7211538461538461 0.2692307692307692 0.2692307692307692
