0 0.28846153846153844 0.4423076923076923 0.052884615384615384 0.052884615384615384
4 0.8870192307692307 0.5841346153846154 0.03365384615384615 0.03365384615384615
7 0.40625 0.5216346153846154 0.0673076923076923 0.0673076923076923
9 0.8365384615384616 0.14423076923076922 0.1346153846153846 0.1346153846153846
8 0.5144230769230769 0.9471153846153846 0.10096153846153846 0.10096153846153846
0 0.5841346153846154 0.35096153846153844 0.1346153846153846 0.1346153846153846
3 0.9110576923076923 0.9110576923076923 0.0673076923076923 0.0673076923076923
1 0.0673076923076923 0.6971153846153846 0.1346153846153846 0.1346153846153846
9 0.5480769230769231 0.6129807692307693 0.20192307692307693 0.20192307692307693
1 0.3942307692307692 0.27403846153846156 0.2692307692307692 0.2692307692307692
9 0.18990384615384615 0.5432692307692307 0.20192307692307693 0.20192307692307693
