8 0.3605769230769231 0.3004807692307692 0.052884615384615384 0.052884615384615384
3 0.6274038461538461 0.23076923076923078 0.03365384615384615 0.03365384615384615
0 0.8100961538461539 0.5240384615384616 0.03365384615384615 0.03365384615384615
8 0.5384615384615384 0.9038461538461539 0.10096153846153846 0.10096153846153846
5 0.3485576923076923 0.6394230769230769 0.0673076923076923 0.0673076923076923
1 0.18269230769230768 0.7355769230769231 0.10096153846153846 0.10096153846153846
7 0.13942307692307693 0.5769230769230769 0.1346153846153846 0.1346153846153846
8 0.5625 0.7379807692307693 0.1346153846153846 0.1346153846153846
7 0.7716346153846154 0.8461538461538461 0.2692307692307692 0.2692307692307692
8 0.8413461538461539 0.3125 0.20192307692307693 0.20192307692307693
