9 0.9711538461538461 0.7644230769230769 0.052884615384615384 0.052884615384615384
9 0.9182692307692307 0.8942307692307693 0.10096153846153846 0.10096153846153846
3 0.28125 0.5264423076923077 0.10096153846153846 0.10096153846153846
4 0.41586538461538464 0.9230769230769231 0.1346153846153846 0.1346153846153846
1 0.7163461538461539 0.0625 0.10096153846153846 0.10096153846153846
3 0.3870192307692308 0.7163461538461539 0.1346153846153846 0.1346153846153846
7 0.8894230769230769 0.0889423076923077 0.10096153846153846 0.10096153846153846
3 0.6177884615384616 0.4879807692307692 0.20192307692307693 0.20192307692307693
9 0.5192307692307693 0.24278846153846154 0.20192307692307693 0.20192307692307693
6 0.8701923076923077 0.45913461538461536 0.20192307692307693 0.20192307692307693
