6 0.9350961538461539 0.17307692307692307 0.052884615384615384 0.052884615384615384
3 0.5168269230769231 0.6298076923076923 0.03365384615384615 0.03365384615384615
2 0.5024038461538461 0.08653846153846154 0.1346153846153846 0.1346153846153846
3 0.3173076923076923 0.27403846153846156 0.0673076923076923 0.0673076923076923
1 0.12740384615384615 0.7572115384615384 0.1346153846153846 0.1346153846153846
7 0.14903846153846154 0.21153846153846154 0.0673076923076923 0.0673076923076923
4 0.038461538461538464 0.15625 0.0673076923076923 0.0673076923076923
3 0.6634615384615384 0.6274038461538461 0.20192307692307693 0.20192307692307693
2 0.7956730769230769 0.25961538461538464 0.2692307692307692 0.2692307692307692
8 0.4807692307692308 0.4326923076923077 0.20192307692307693 0.20192307692307693
