8 0.12740384615384615 0.05048076923076923 0.052884615384615384 0.052884615384615384
9 0.7475961538461539 0.6538461538461539 0.052884615384615384 0.052884615384615384
4 0.4519230769230769 0.1346153846153846 0.10096153846153846 0.10096153846153846
0 0.8725961538461539 0.9278846153846154 0.0673076923076923 0.0673076923076923
9 0.8533653846153846 0.38461538461538464 0.10096153846153846 0.10096153846153846
1 0.1875 0.9230769230769231 0.0673076923076923 0.0673076923076923
7 0.6442307692307693 0.0673076923076923 0.10096153846153846 0.10096153846153846
8 0.37740384615384615 0.36538461538461536 0.2692307692307692 0.2692307692307692
8 0.29086538461538464 0.6899038461538461 0.2692307692307692 0.2692307692307692
3 0.6658653846153846 0.2956730769230769 0.20192307692307693 0.20192307692307693
