1 0.7740384615384616 0.8461538461538461 0.052884615384615384 0.052884615384615384
2 0.33653846153846156 0.18509615384615385 0.052884615384615384 0.052884615384615384
7 0.39663461538461536 0.8461538461538461 0.03365384615384615 0.03365384615384615
1 0.8629807692307693 0.1201923076923077 0.10096153846153846 0.10096153846153846
7 0.25961538461538464 0.4855769230769231 0.10096153846153846 0.10096153846153846
7 0.10096153846153846 0.2548076923076923 0.10096153846153846 0.10096153846153846
7 0.11538461538461539 0.375 0.10096153846153846 0.10096153846153846
9 0.8629807692307693 0.5480769230769231 0.2692307692307692 0.2692307692307692
9 0.6129807692307693 0.3245192307692308 0.2692307692307692 0.2692307692307692
6 0.31009615384615385 0.7475961538461539 0.20192307692307693 0.20192307692307693
