7 0.90625 0.5384615384615384 0.052884615384615384 0.052884615384615384
2 0.37259615384615385 0.3918269230769231 0.052884615384615384 0.052884615384615384
2 0.6778846153846154 0.6466346153846154 0.10096153846153846 0.10096153846153846
7 0.4423076923076923 0.2668269230769231 0.0673076923076923 0.0673076923076923
7 0.15384615384615385 0.7475961538461539 0.0673076923076923 0.0673076923076923
5 0.8173076923076923 0.24519230769230768 0.10096153846153846 0.10096153846153846
7 0.3894230769230769 0.7644230769230769 0.0673076923076923 0.0673076923076923
8 0.3942307692307692 0.5721153846153846 0.2692307692307692 0.2692307692307692
5 0.2283653846153846 0.28365384615384615 0.2692307692307692 0.2692307692307692
5 0.6754807692307693 0.49278846153846156 0.20192307692307693 0.20192307692307693
