1 0.9278846153846154 0.4423076923076923 0.03365384615384615 0.03365384615384615
1 0.14903846153846154 0.6971153846153846 0.052884615384615384 0.052884615384615384
9 0.6129807692307693 0.09134615384615384 0.052884615384615384 0.052884615384615384
6 0.21153846153846154 0.8245192307692307 0.1346153846153846 0.1346153846153846
5 0.24519230769230768 0.5961538461538461 0.1346153846153846 0.1346153846153846
6 0.9014423076923077 0.5576923076923077 0.1346153846153846 0.1346153846153846
7 0.5576923076923077 0.7451923076923077 0.10096153846153846 0.10096153846153846
7 0.8774038461538461 0.23798076923076922 0.20192307692307693 0.20192307692307693
0 0.71875 0.6682692307692307 0.20192307692307693 0.20192307692307693
1 0.39903846153846156 0.8100961538461539 0.20192307692307693 0.20192307692307693
