5 0.7283653846153846 0.6802884615384616 0.03365384615384615 0.03365384615384615
5 0.03125 0.6923076923076923 0.052884615384615384 0.052884615384615384
6 0.21634615384615385 0.9230769230769231 0.1346153846153846 0.1346153846153846
7 0.4182692307692308 0.9639423076923077 0.0673076923076923 0.0673076923076923
2 0.8389423076923077 0.5793269230769231 0.10096153846153846 0.10096153846153846
4 0.6634615384615384 0.21394230769230768 0.1346153846153846 0.1346153846153846
6 0.5480769230769231 0.40625 0.1346153846153846 0.1346153846153846
2 0.16826923076923078 0.30528846153846156 0.20192307692307693 0.20192307692307693
1 0.6442307692307693 0.7764423076923077 0.20192307692307693 0.20192307692307693
4 0.8774038461538461 0.7620192307692307 0.20192307692307693 0.20192307692307693
