7 0.8173076923076923 0.11778846153846154 0.052884615384615384 0.052884615384615384
4 0.2548076923076923 0.47115384615384615 0.0673076923076923 0.0673076923076923
1 0.07211538461538461 0.6274038461538461 0.10096153846153846 0.10096153846153846
3 0.4831730769230769 0.07692307692307693 0.10096153846153846 0.10096153846153846
7 0.7548076923076923 0.5600961538461539 0.10096153846153846 0.10096153846153846
8 0.08173076923076923 0.8774038461538461 0.1346153846153846 0.1346153846153846
7 0.23557692307692307 0.23317307692307693 0.0673076923076923 0.0673076923076923
3 0.27884615384615385 0.6947115384615384 0.2692307692307692 0.2692307692307692
3 0.8245192307692307 0.8004807692307693 0.2692307692307692 0.2692307692307692
1 0.3605769230769231 0.2668269230769231 0.20192307692307693 0.20192307692307693
