1 0.7307692307692307 0.43990384615384615 0.03365384615384615 0.03365384615384615
6 0.19230769230769232 0.15625 0.0673076923076923 0.0673076923076923
6 0.7139423076923077 0.6730769230769231 0.10096153846153846 0.10096153846153846
5 0.2860576923076923 0.2764423076923077 0.1346153846153846 0.1346153846153846
2 0.24278846153846154 0.5144230769230769 0.0673076923076923 0.0673076923076923
3 0.7283653846153846 0.17067307692307693 0.1346153846153846 0.1346153846153846
4 0.6033653846153846 0.24759615384615385 0.0673076923076923 0.0673076923076923
0 0.30528846153846156 0.6682692307692307 0.20192307692307693 0.20192307692307693
5 0.46875 0.42788461538461536 0.2692307692307692 0.2692307692307692
6 0.40865384615384615 0.8966346153846154 0.20192307692307693 0.20192307692307693
