8 0.21634615384615385 0.2403846153846154 0.03365384615384615 0.03365384615384615
2 0.8677884615384616 0.14423076923076922 0.052884615384615384 0.052884615384615384
8 0.4519230769230769 0.7788461538461539 0.052884615384615384 0.052884615384615384
5 0.37259615384615385 0.9423076923076923 0.0673076923076923 0.0673076923076923
2 0.14903846153846154 0.8076923076923077 0.10096153846153846 0.10096153846153846
0 0.4735576923076923 0.6225961538461539 0.10096153846153846 0.10096153846153846
9 0.6346153846153846 0.34134615384615385 0.10096153846153846 0.10096153846153846
0 0.37740384615384615 0.7956730769230769 0.10096153846153846 0.10096153846153846
6 0.7668269230769231 0.84375 0.0673076923076923 0.0673076923076923
1 0.1875 0.36538461538461536 0.2692307692307692 0.2692307692307692
