5 0.07211538461538461 0.04326923076923077 0.03365384615384615 0.03365384615384615
4 0.9783653846153846 0.25240384615384615 0.03365384615384615 0.03365384615384615
3 0.036057692307692304 0.4254807692307692 0.052884615384615384 0.052884615384615384
9 0.4639423076923077 0.625 0.10096153846153846 0.10096153846153846
7 0.7403846153846154 0.8293269230769231 0.1346153846153846 0.1346153846153846
2 0.11298076923076923 0.9182692307692307 0.0673076923076923 0.0673076923076923
2 0.53125 0.4951923076923077 0.1346153846153846 0.1346153846153846
1 0.8798076923076923 0.6322115384615384 0.20192307692307693 0.20192307692307693
2 0.8365384615384616 0.14182692307692307 0.2692307692307692 0.2692307692307692
1 0.4110576923076923 0.22115384615384615 0.2692307692307692 0.2692307692307692
