0 0.8557692307692307 0.8004807692307693 0.052884615384615384 0.052884615384615384
9 0.8485576923076923 0.46875 0.0673076923076923 0.0673076923076923
7 0.8725961538461539 0.5528846153846154 0.0673076923076923 0.0673076923076923
9 0.2403846153846154 0.07692307692307693 0.10096153846153846 0.10096153846153846
9 0.6177884615384616 0.5240384615384616 0.0673076923076923 0.0673076923076923
6 0.1346153846153846 0.07451923076923077 0.10096153846153846 0.10096153846153846
8 0.7019230769230769 0.18509615384615385 0.0673076923076923 0.0673076923076923
8 0.3293269230769231 0.875 0.20192307692307693 0.20192307692307693
6 0.7235576923076923 0.7740384615384616 0.20192307692307693 0.20192307692307693
7 0.45913461538461536 0.5024038461538461 0.20192307692307693 0.20192307692307693
