1 0.7956730769230769 0.052884615384615384 0.052884615384615384 0.052884615384615384
5 0.4639423076923077 0.7091346153846154 0.052884615384615384 0.052884615384615384
4 0.6971153846153846 0.7836538461538461 0.03365384615384615 0.03365384615384615
4 0.6346153846153846 0.11778846153846154 0.1346153846153846 0.1346153846153846
8 0.35096153846153844 0.27163461538461536 0.0673076923076923 0.0673076923076923
5 0.12740384615384615 0.65625 0.10096153846153846 0.10096153846153846
0 0.5961538461538461 0.8125 0.10096153846153846 0.10096153846153846
1 0.3317307692307692 0.14182692307692307 0.1346153846153846 0.1346153846153846
7 0.13221153846153846 0.3245192307692308 0.1346153846153846 0.1346153846153846
8 0.8365384615384616 0.7379807692307693 0.20192307692307693 0.20192307692307693
0 0.7211538461538461 0.3701923076923077 0.20192307692307693 0.20192307692307693
6 0.4735576923076923 0.4495192307692308 0.2692307692307692 0.2692307692307692
