2 0.5817307692307693 0.9326923076923077 0.052884615384615384 0.052884615384615384
6 0.4326923076923077 0.8413461538461539 0.052884615384615384 0.052884615384615384
1 0.8221153846153846 0.21875 0.10096153846153846 0.10096153846153846
1 0.19230769230769232 0.7884615384615384 0.10096153846153846 0.10096153846153846
0 0.1658653846153846 0.07451923076923077 0.0673076923076923 0.0673076923076923
0 0.5264423076923077 0.5384615384615384 0.1346153846153846 0.1346153846153846
5 0.34615384615384615 0.7067307692307693 0.0673076923076923 0.0673076923076923
7 0.3918269230769231 0.16346153846153846 0.0673076923076923 0.0673076923076923
7 0.7163461538461539 0.75 0.20192307692307693 0.20192307692307693
6 0.71875 0.4639423076923077 0.2692307692307692 0.2692307692307692
