5 0.5625 0.3701923076923077 0.052884615384615384 0.052884615384615384
7 0.5721153846153846 0.9230769230769231 0.052884615384615384 0.052884615384615384
0 0.8413461538461539 0.22596153846153846 0.052884615384615384 0.052884615384615384
4 0.6826923076923077 0.7884615384615384 0.1346153846153846 0.1346153846153846
8 0.8125 0.13701923076923078 0.1346153846153846 0.1346153846153846
0 0.39903846153846156 0.31009615384615385 0.10096153846153846 0.10096153846153846
1 0.21634615384615385 0.4230769230769231 0.10096153846153846 0.10096153846153846
1 0.2764423076923077 0.7716346153846154 0.20192307692307693 0.20192307692307693
1 0.47596153846153844 0.5528846153846154 0.2692307692307692 0.2692307692307692
3 0.7475961538461539 0.44471153846153844 0.2692307692307692 0.2692307692307692
