2 0.3557692307692308 0.5673076923076923 0.052884615384615384 0.052884615384615384
4 0.8629807692307693 0.057692307692307696 0.052884615384615384 0.052884615384615384
8 0.016826923076923076 0.27884615384615385 0.03365384615384615 0.03365384615384615
1 0.8653846153846154 0.65625 0.1346153846153846 0.1346153846153846
1 0.28846153846153844 0.8677884615384616 0.10096153846153846 0.10096153846153846
3 0.5769230769230769 0.05048076923076923 0.10096153846153846 0.10096153846153846
7 0.21394230769230768 0.3293269230769231 0.1346153846153846 0.1346153846153846
1 0.29086538461538464 0.7692307692307693 0.10096153846153846 0.10096153846153846
6 0.7692307692307693 0.2692307692307692 0.2692307692307692 0.2692307692307692
7 0.17067307692307693 0.5408653846153846 0.2692307692307692 0.2692307692307692
2 0.6442307692307693 0.7259615384615384 0.2692307692307692 0.2692307692307692
