1 0.5769230769230769 0.9711538461538461 0.052884615384615384 0.052884615384615384
9 0.07451923076923077 0.22115384615384615 0.03365384615384615 0.03365384615384615
3 0.1875 0.8918269230769231 0.10096153846153846 0.10096153846153846
9 0.6586538461538461 0.43990384615384615 0.0673076923076923 0.0673076923076923
7 0.5144230769230769 0.6105769230769231 0.10096153846153846 0.10096153846153846
7 0.12259615384615384 0.09615384615384616 0.0673076923076923 0.0673076923076923
1 0.28125 0.6586538461538461 0.10096153846153846 0.10096153846153846
3 0.5528846153846154 0.20432692307692307 0.2692307692307692 0.2692307692307692
6 0.7908653846153846 0.7283653846153846 0.2692307692307692 0.2692307692307692
8 0.8774038461538461 0.11057692307692307 0.20192307692307693 0.20192307692307693
