8 0.2860576923076923 0.7403846153846154 0.052884615384615384 0.052884615384615384
7 0.2860576923076923 0.9302884615384616 0.052884615384615384 0.052884615384615384
6 0.6346153846153846 0.5360576923076923 0.1346153846153846 0.1346153846153846
8 0.24759615384615385 0.3581730769230769 0.0673076923076923 0.0673076923076923
5 0.8557692307692307 0.11778846153846154 0.0673076923076923 0.0673076923076923
4 0.20673076923076922 0.625 0.10096153846153846 0.10096153846153846
5 0.2283653846153846 0.06971153846153846 0.10096153846153846 0.10096153846153846
0 0.14903846153846154 0.2644230769230769 0.10096153846153846 0.10096153846153846
2 0.10817307692307693 0.4567307692307692 0.20192307692307693 0.20192307692307693
5 0.5889423076923077 0.33413461538461536 0.20192307692307693 0.20192307692307693
