2 0.9663461538461539 0.6081730769230769 0.03365384615384615 0.03365384615384615
6 0.4567307692307692 0.03365384615384615 0.052884615384615384 0.052884615384615384
1 0.28846153846153844 0.9230769230769231 0.052884615384615384 0.052884615384615384
7 0.39663461538461536 0.6706730769230769 0.10096153846153846 0.10096153846153846
1 0.5456730769230769 0.12740384615384615 0.10096153846153846 0.10096153846153846
3 0.14182692307692307 0.6346153846153846 0.0673076923076923 0.0673076923076923
2 0.9182692307692307 0.8701923076923077 0.10096153846153846 0.10096153846153846
1 0.1658653846153846 0.08173076923076923 0.0673076923076923 0.0673076923076923
4 0.8052884615384616 0.35336538461538464 0.20192307692307693 0.20192307692307693
5 0.6658653846153846 0.5745192307692307 0.2692307692307692 0.2692307692307692
