7 0.9543269230769231 0.07211538461538461 0.03365384615384615 0.03365384615384615
3 0.7740384615384616 0.7980769230769231 0.03365384615384615 0.03365384615384615
7 0.5456730769230769 0.6442307692307693 0.052884615384615384 0.052884615384615384
1 0.7355769230769231 0.1971153846153846 0.10096153846153846 0.10096153846153846
8 0.46875 0.20192307692307693 0.10096153846153846 0.10096153846153846
7 0.0625 0.8197115384615384 0.0673076923076923 0.0673076923076923
6 0.5889423076923077 0.7139423076923077 0.0673076923076923 0.0673076923076923
7 0.24278846153846154 0.11057692307692307 0.0673076923076923 0.0673076923076923
9 0.20432692307692307 0.40625 0.0673076923076923 0.0673076923076923
9 0.7692307692307693 0.6177884615384616 0.2692307692307692 0.2692307692307692
2 0.3389423076923077 0.7427884615384616 0.20192307692307693 0.20192307692307693
