7 0.6586538461538461 0.8293269230769231 0.052884615384615384 0.052884615384615384
1 0.6875 0.7283653846153846 0.052884615384615384 0.052884615384615384
1 0.43509615384615385 0.32211538461538464 0.10096153846153846 0.10096153846153846
1 0.84375 0.8365384615384616 0.10096153846153846 0.10096153846153846
7 0.3269230769230769 0.7548076923076923 0.1346153846153846 0.1346153846153846
3 0.40865384615384615 0.4951923076923077 0.10096153846153846 0.10096153846153846
6 0.2980769230769231 0.5048076923076923 0.10096153846153846 0.10096153846153846
3 0.07211538461538461 0.8798076923076923 0.1346153846153846 0.1346153846153846
8 0.7980769230769231 0.5865384615384616 0.20192307692307693 0.20192307692307693
5 0.24519230769230768 0.3269230769230769 0.2692307692307692 0.2692307692307692
2 0.8269230769230769 0.27163461538461536 0.2692307692307692 0.2692307692307692
