2 0.43509615384615385 0.5096153846153846 0.052884615384615384 0.052884615384615384
7 0.5384615384615384 0.1658653846153846 0.03365384615384615 0.03365384615384615
5 0.6442307692307693 0.06009615384615385 0.03365384615384615 0.03365384615384615
1 0.2283653846153846 0.22355769230769232 0.1346153846153846 0.1346153846153846
8 0.27403846153846156 0.4735576923076923 0.1346153846153846 0.1346153846153846
3 0.4110576923076923 0.0985576923076923 0.10096153846153846 0.10096153846153846
4 0.15625 0.8269230769230769 0.0673076923076923 0.0673076923076923
4 0.5192307692307693 0.6442307692307693 0.1346153846153846 0.1346153846153846
3 0.8293269230769231 0.21394230769230768 0.1346153846153846 0.1346153846153846
3 0.7932692307692307 0.4879807692307692 0.2692307692307692 0.2692307692307692
0 0.6682692307692307 0.7620192307692307 0.20192307692307693 0.20192307692307693
