6 0.03365384615384615 0.4543269230769231 0.03365384615384615 0.03365384615384615
1 0.39663461538461536 0.7355769230769231 0.03365384615384615 0.03365384615384615
9 0.14423076923076922 0.8725961538461539 0.1346153846153846 0.1346153846153846
3 0.40865384615384615 0.3004807692307692 0.0673076923076923 0.0673076923076923
3 0.5384615384615384 0.5168269230769231 0.0673076923076923 0.0673076923076923
9 0.2644230769230769 0.25961538461538464 0.1346153846153846 0.1346153846153846
7 0.18028846153846154 0.5697115384615384 0.10096153846153846 0.10096153846153846
6 0.24759615384615385 0.6802884615384616 0.10096153846153846 0.10096153846153846
3 0.8365384615384616 0.10096153846153846 0.20192307692307693 0.20192307692307693
9 0.84375 0.7235576923076923 0.20192307692307693 0.20192307692307693
