7 0.0889423076923077 0.3870192307692308 0.03365384615384615 0.03365384615384615
5 0.9375 0.11298076923076923 0.0673076923076923 0.0673076923076923
7 0.5120192307692307 0.6899038461538461 0.0673076923076923 0.0673076923076923
7 0.11057692307692307 0.5096153846153846 0.10096153846153846 0.10096153846153846
2 0.4567307692307692 0.7427884615384616 0.0673076923076923 0.0673076923076923
2 0.49759615384615385 0.15144230769230768 0.0673076923076923 0.0673076923076923
6 0.5576923076923077 0.9206730769230769 0.0673076923076923 0.0673076923076923
0 0.4735576923076923 0.3942307692307692 0.20192307692307693 0.20192307692307693
3 0.1875 0.2403846153846154 0.2692307692307692 0.2692307692307692
4 0.15865384615384615 0.7740384615384616 0.20192307692307693 0.20192307692307693
