2 0.019230769230769232 0.5625 0.03365384615384615 0.03365384615384615
6 0.5336538461538461 0.06490384615384616 0.052884615384615384 0.052884615384615384
9 0.2644230769230769 0.4230769230769231 0.10096153846153846 0.10096153846153846
8 0.42788461538461536 0.7860576923076923 0.1346153846153846 0.1346153846153846
8 0.6610576923076923 0.22115384615384615 0.1346153846153846 0.1346153846153846
8 0.9038461538461539 0.09134615384615384 0.1346153846153846 0.1346153846153846
6 0.17067307692307693 0.6634615384615384 0.1346153846153846 0.1346153846153846
5 0.7572115384615384 0.5192307692307693 0.2692307692307692 0.2692307692307692
5 0.46634615384615385 0.40384615384615385 0.2692307692307692 0.2692307692307692
4 0.8701923076923077 0.2860576923076923 0.20192307692307693 0.20192307692307693
