4 0.16105769230769232 0.1971153846153846 0.03365384615384615 0.03365384615384615
9 0.25961538461538464 0.25 0.03365384615384615 0.03365384615384615
4 0.5240384615384616 0.5576923076923077 0.03365384615384615 0.03365384615384615
8 0.4423076923076923 0.16346153846153846 0.0673076923076923 0.0673076923076923
3 0.3004807692307692 0.6370192307692307 0.1346153846153846 0.1346153846153846
4 0.7091346153846154 0.6177884615384616 0.1346153846153846 0.1346153846153846
9 0.03365384615384615 0.4855769230769231 0.0673076923076923 0.0673076923076923
7 0.31009615384615385 0.43509615384615385 0.10096153846153846 0.10096153846153846
4 0.33653846153846156 0.20432692307692307 0.1346153846153846 0.1346153846153846
7 0.5625 0.8317307692307693 0.2692307692307692 0.2692307692307692
