1 0.9807692307692307 0.24519230769230768 0.03365384615384615 0.03365384615384615
8 0.2091346153846154 0.49278846153846156 0.052884615384615384 0.052884615384615384
2 0.04326923076923077 0.4375 0.03365384615384615 0.03365384615384615
7 0.7908653846153846 0.5216346153846154 0.10096153846153846 0.10096153846153846
3 0.3942307692307692 0.2620192307692308 0.1346153846153846 0.1346153846153846
9 0.5504807692307693 0.7067307692307693 0.1346153846153846 0.1346153846153846
8 0.038461538461538464 0.6730769230769231 0.0673076923076923 0.0673076923076923
2 0.6490384615384616 0.3605769230769231 0.0673076923076923 0.0673076923076923
7 0.5168269230769231 0.07211538461538461 0.0673076923076923 0.0673076923076923
5 0.7932692307692307 0.6682692307692307 0.20192307692307693 0.20192307692307693
5 0.18990384615384615 0.8581730769230769 0.20192307692307693 0.20192307692307693
4 0.40384615384615385 0.5432692307692307 0.20192307692307693 0.20192307692307693
