8 0.53125 0.11298076923076923 0.03365384615384615 0.03365384615384615
1 0.11538461538461539 0.04567307692307692 0.052884615384615384 0.052884615384615384
6 0.8942307692307693 0.9519230769230769 0.03365384615384615 0.03365384615384615
5 0.38461538461538464 0.8677884615384616 0.10096153846153846 0.10096153846153846
1 0.7908653846153846 0.4951923076923077 0.1346153846153846 0.1346153846153846
0 0.6225961538461539 0.9014423076923077 0.0673076923076923 0.0673076923076923
7 0.8485576923076923 0.21394230769230768 0.1346153846153846 0.1346153846153846
6 0.6490384615384616 0.24278846153846154 0.10096153846153846 0.10096153846153846
8 0.8701923076923077 0.0673076923076923 0.1346153846153846 0.1346153846153846
3 0.22596153846153846 0.8028846153846154 0.20192307692307693 0.20192307692307693
2 0.17307692307692307 0.34134615384615385 0.2692307692307692 0.2692307692307692
2 0.5336538461538461 0.6129807692307693 0.2692307692307692 0.2692307692307692
