4 0.8509615384615384 0.8605769230769231 0.03365384615384615 0.03365384615384615
5 0.8677884615384616 0.1346153846153846 0.052884615384615384 0.052884615384615384
4 0.49278846153846156 0.5528846153846154 0.03365384615384615 0.03365384615384615
2 0.2980769230769231 0.5576923076923077 0.10096153846153846 0.10096153846153846
1 0.125 0.32211538461538464 0.10096153846153846 0.10096153846153846
7 0.39663461538461536 0.06490384615384616 0.10096153846153846 0.10096153846153846
7 0.1201923076923077 0.1658653846153846 0.0673076923076923 0.0673076923076923
7 0.6105769230769231 0.25240384615384615 0.10096153846153846 0.10096153846153846
0 0.7884615384615384 0.4495192307692308 0.20192307692307693 0.20192307692307693
2 0.5552884615384616 0.41346153846153844 0.20192307692307693 0.20192307692307693
