8 0.4495192307692308 0.6274038461538461 0.03365384615384615 0.03365384615384615
3 0.39663461538461536 0.21634615384615385 0.052884615384615384 0.052884615384615384
6 0.38461538461538464 0.7211538461538461 0.03365384615384615 0.03365384615384615
4 0.15625 0.057692307692307696 0.0673076923076923 0.0673076923076923
2 0.3605769230769231 0.6418269230769231 0.0673076923076923 0.0673076923076923
1 0.5985576923076923 0.34615384615384615 0.1346153846153846 0.1346153846153846
7 0.8677884615384616 0.4831730769230769 0.1346153846153846 0.1346153846153846
4 0.8365384615384616 0.8798076923076923 0.1346153846153846 0.1346153846153846
6 0.35336538461538464 0.8389423076923077 0.0673076923076923 0.0673076923076923
5 0.38221153846153844 0.47836538461538464 0.2692307692307692 0.2692307692307692
7 0.15625 0.6923076923076923 0.2692307692307692 0.2692307692307692
2 0.5769230769230769 0.15384615384615385 0.20192307692307693 0.20192307692307693
