2 0.08173076923076923 0.31971153846153844 0.03365384615384615 0.03365384615384615
2 0.2548076923076923 0.8173076923076923 0.052884615384615384 0.052884615384615384
2 0.3245192307692308 0.6105769230769231 0.1346153846153846 0.1346153846153846
8 0.7379807692307693 0.2283653846153846 0.10096153846153846 0.10096153846153846
6 0.9302884615384616 0.33413461538461536 0.1346153846153846 0.1346153846153846
8 0.71875 0.39903846153846156 0.1346153846153846 0.1346153846153846
8 0.13701923076923078 0.8197115384615384 0.1346153846153846 0.1346153846153846
4 0.4206730769230769 0.2980769230769231 0.0673076923076923 0.0673076923076923
4 0.5721153846153846 0.6634615384615384 0.2692307692307692 0.2692307692307692
1 0.8389423076923077 0.5913461538461539 0.20192307692307693 0.20192307692307693
