6 0.34375 0.6634615384615384 0.052884615384615384 0.052884615384615384
8 0.04567307692307692 0.6105769230769231 0.03365384615384615 0.03365384615384615
0 0.9086538461538461 0.052884615384615384 0.03365384615384615 0.03365384615384615
8 0.9110576923076923 0.6201923076923077 0.1346153846153846 0.1346153846153846
9 0.7091346153846154 0.10576923076923077 0.1346153846153846 0.1346153846153846
7 0.8870192307692307 0.9399038461538461 0.10096153846153846 0.10096153846153846
4 0.7620192307692307 0.8076923076923077 0.10096153846153846 0.10096153846153846
6 0.21634615384615385 0.4206730769230769 0.1346153846153846 0.1346153846153846
6 0.5673076923076923 0.41346153846153844 0.2692307692307692 0.2692307692307692
1 0.6466346153846154 0.6346153846153846 0.20192307692307693 0.20192307692307693
