6 0.5697115384615384 0.35336538461538464 0.052884615384615384 0.052884615384615384
5 0.4831730769230769 0.7235576923076923 0.10096153846153846 0.10096153846153846
1 0.33413461538461536 0.8629807692307693 0.10096153846153846 0.10096153846153846
3 0.3269230769230769 0.12740384615384615 0.1346153846153846 0.1346153846153846
5 0.47596153846153844 0.5048076923076923 0.1346153846153846 0.1346153846153846
5 0.33413461538461536 0.27884615384615385 0.0673076923076923 0.0673076923076923
1 0.8557692307692307 0.8004807692307693 0.0673076923076923 0.0673076923076923
1 0.2956730769230769 0.5576923076923077 0.20192307692307693 0.20192307692307693
1 0.7764423076923077 0.5985576923076923 0.2692307692307692 0.2692307692307692
0 0.8629807692307693 0.22596153846153846 0.20192307692307693 0.20192307692307693
