2 0.45913461538461536 0.20432692307692307 0.03365384615384615 0.03365384615384615
3 0.057692307692307696 0.5120192307692307 0.052884615384615384 0.052884615384615384
1 0.7235576923076923 0.21875 0.052884615384615384 0.052884615384615384
7 0.3389423076923077 0.6081730769230769 0.0673076923076923 0.0673076923076923
1 0.5240384615384616 0.9206730769230769 0.1346153846153846 0.1346153846153846
4 0.28125 0.38461538461538464 0.10096153846153846 0.10096153846153846
9 0.5240384615384616 0.7043269230769231 0.10096153846153846 0.10096153846153846
7 0.8846153846153846 0.25961538461538464 0.10096153846153846 0.10096153846153846
5 0.84375 0.15384615384615385 0.0673076923076923 0.0673076923076923
3 0.47596153846153844 0.4495192307692308 0.20192307692307693 0.20192307692307693
3 0.1346153846153846 0.11298076923076923 0.20192307692307693 0.20192307692307693
