7 0.8822115384615384 0.5360576923076923 0.03365384615384615 0.03365384615384615
5 0.20432692307692307 0.7932692307692307 0.03365384615384615 0.03365384615384615
8 0.0673076923076923 0.36778846153846156 0.0673076923076923 0.0673076923076923
5 0.8870192307692307 0.8076923076923077 0.1346153846153846 0.1346153846153846
4 0.28365384615384615 0.31009615384615385 0.10096153846153846 0.10096153846153846
5 0.7524038461538461 0.24278846153846154 0.10096153846153846 0.10096153846153846
3 0.6201923076923077 0.8389423076923077 0.1346153846153846 0.1346153846153846
3 0.055288461538461536 0.1658653846153846 0.10096153846153846 0.10096153846153846
0 0.36778846153846156 0.78125 0.20192307692307693 0.20192307692307693
2 0.6081730769230769 0.6177884615384616 0.2692307692307692 0.2692307692307692
1 0.2764423076923077 0.5336538461538461 0.20192307692307693 0.20192307692307693
