7 0.6778846153846154 0.8149038461538461 0.03365384615384615 0.03365384615384615
8 0.5072115384615384 0.1466346153846154 0.10096153846153846 0.10096153846153846
5 0.9182692307692307 0.5264423076923077 0.10096153846153846 0.10096153846153846
4 0.16105769230769232 0.8966346153846154 0.0673076923076923 0.0673076923076923
0 0.6033653846153846 0.5504807692307693 0.10096153846153846 0.10096153846153846
4 0.2620192307692308 0.3269230769230769 0.10096153846153846 0.10096153846153846
9 0.9519230769230769 0.6057692307692307 0.0673076923076923 0.0673076923076923
4 0.3293269230769231 0.5024038461538461 0.2692307692307692 0.2692307692307692
5 0.8365384615384616 0.7548076923076923 0.2692307692307692 0.2692307692307692
2 0.34375 0.8942307692307693 0.20192307692307693 0.20192307692307693
