7 0.8341346153846154 0.4110576923076923 0.052884615384615384 0.052884615384615384
0 0.71875 0.40384615384615385 0.10096153846153846 0.10096153846153846
0 0.8870192307692307 0.7716346153846154 0.10096153846153846 0.10096153846153846
6 0.7283653846153846 0.23317307692307693 0.10096153846153846 0.10096153846153846
6 0.38221153846153844 0.6418269230769231 0.1346153846153846 0.1346153846153846
0 0.7451923076923077 0.9038461538461539 0.10096153846153846 0.10096153846153846
0 0.6225961538461539 0.6322115384615384 0.10096153846153846 0.10096153846153846
9 0.5432692307692307 0.34375 0.2692307692307692 0.2692307692307692
4 0.5817307692307693 0.8894230769230769 0.20192307692307693 0.20192307692307693
6 0.25 0.4230769230769231 0.2692307692307692 0.2692307692307692
