8 0.9711538461538461 0.2644230769230769 0.03365384615384615 0.03365384615384615
5 0.5096153846153846 0.19230769230769232 0.052884615384615384 0.052884615384615384
8 0.5528846153846154 0.7548076923076923 0.0673076923076923 0.0673076923076923
7 0.18509615384615385 0.2956730769230769 0.0673076923076923 0.0673076923076923
8 0.5769230769230769 0.5865384615384616 0.1346153846153846 0.1346153846153846
4 0.14182692307692307 0.19471153846153846 0.1346153846153846 0.1346153846153846
2 0.4879807692307692 0.8629807692307693 0.0673076923076923 0.0673076923076923
4 0.875 0.9014423076923077 0.0673076923076923 0.0673076923076923
6 0.6370192307692307 0.4182692307692308 0.20192307692307693 0.20192307692307693
9 0.31490384615384615 0.4879807692307692 0.2692307692307692 0.2692307692307692
5 0.15625 0.7331730769230769 0.2692307692307692 0.2692307692307692
