8 0.8894230769230769 0.6490384615384616 0.03365384615384615 0.03365384615384615
3 0.4879807692307692 0.35096153846153844 0.052884615384615384 0.052884615384615384
9 0.8822115384615384 0.1778846153846154 0.052884615384615384 0.052884615384615384
6 0.5961538461538461 0.6322115384615384 0.1346153846153846 0.1346153846153846
1 0.7283653846153846 0.8894230769230769 0.10096153846153846 0.10096153846153846
9 0.30528846153846156 0.9014423076923077 0.10096153846153846 0.10096153846153846
6 0.1875 0.12259615384615384 0.10096153846153846 0.10096153846153846
3 0.3629807692307692 0.24759615384615385 0.1346153846153846 0.1346153846153846
4 0.8413461538461539 0.6610576923076923 0.2692307692307692 0.2692307692307692
2 0.43509615384615385 0.6225961538461539 0.20192307692307693 0.20192307692307693
3 0.7403846153846154 0.3605769230769231 0.2692307692307692 0.2692307692307692
