4 0.6850961538461539 0.24519230769230768 0.052884615384615384 0.052884615384615384
7 0.7860576923076923 0.7668269230769231 0.052884615384615384 0.052884615384615384
2 0.6538461538461539 0.3293269230769231 0.10096153846153846 0.10096153846153846
0 0.15625 0.1466346153846154 0.1346153846153846 0.1346153846153846
1 0.6105769230769231 0.07692307692307693 0.1346153846153846 0.1346153846153846
9 0.17307692307692307 0.5793269230769231 0.0673076923076923 0.0673076923076923
7 0.7716346153846154 0.8533653846153846 0.1346153846153846 0.1346153846153846
2 0.5552884615384616 0.7884615384615384 0.1346153846153846 0.1346153846153846
3 0.2091346153846154 0.36778846153846156 0.2692307692307692 0.2692307692307692
0 0.5432692307692307 0.5072115384615384 0.2692307692307692 0.2692307692307692
0 0.19951923076923078 0.8004807692307693 0.2692307692307692 0.2692307692307692
