9 0.5360576923076923 0.16105769230769232 0.03365384615384615 0.03365384615384615
2 0.59375 0.6009615384615384 0.03365384615384615 0.03365384615384615
2 0.08173076923076923 0.38221153846153844 0.10096153846153846 0.10096153846153846
6 0.6177884615384616 0.6923076923076923 0.0673076923076923 0.0673076923076923
2 0.4182692307692308 0.6418269230769231 0.10096153846153846 0.10096153846153846
2 0.46875 0.7908653846153846 0.1346153846153846 0.1346153846153846
8 0.5961538461538461 0.9302884615384616 0.1346153846153846 0.1346153846153846
1 0.9399038461538461 0.5408653846153846 0.10096153846153846 0.10096153846153846
0 0.7692307692307693 0.3605769230769231 0.2692307692307692 0.2692307692307692
8 0.14423076923076922 0.13942307692307693 0.2692307692307692 0.2692307692307692
