0 0.9350961538461539 0.2956730769230769 0.03365384615384615 0.03365384615384615
0 0.9519230769230769 0.4375 0.03365384615384615 0.03365384615384615
1 0.2403846153846154 0.9471153846153846 0.03365384615384615 0.03365384615384615
0 0.6105769230769231 0.5336538461538461 0.1346153846153846 0.1346153846153846
3 0.47115384615384615 0.7043269230769231 0.10096153846153846 0.10096153846153846
7 0.9567307692307693 0.18269230769230768 0.0673076923076923 0.0673076923076923
4 0.31490384615384615 0.3173076923076923 0.10096153846153846 0.10096153846153846
3 0.5745192307692307 0.8677884615384616 0.1346153846153846 0.1346153846153846
1 0.34615384615384615 0.5649038461538461 0.0673076923076923 0.0673076923076923
9 0.7956730769230769 0.4254807692307692 0.2692307692307692 0.2692307692307692
1 0.875 0.6923076923076923 0.20192307692307693 0.20192307692307693
3 0.1466346153846154 0.6802884615384616 0.2692307692307692 0.2692307692307692
