7 0.7620192307692307 0.31009615384615385 0.03365384615384615 0.03365384615384615
9 0.9038461538461539 0.21153846153846154 0.03365384615384615 0.03365384615384615
3 0.33653846153846156 0.09134615384615384 0.1346153846153846 0.1346153846153846
3 0.8269230769230769 0.2764423076923077 0.0673076923076923 0.0673076923076923
0 0.53125 0.3076923076923077 0.0673076923076923 0.0673076923076923
4 0.8149038461538461 0.12259615384615384 0.1346153846153846 0.1346153846153846
8 0.09134615384615384 0.040865384615384616 0.0673076923076923 0.0673076923076923
9 0.036057692307692304 0.9615384615384616 0.0673076923076923 0.0673076923076923
5 0.5576923076923077 0.8221153846153846 0.2692307692307692 0.2692307692307692
2 0.8149038461538461 0.6610576923076923 0.2692307692307692 0.2692307692307692
