8 0.8725961538461539 0.8197115384615384 0.052884615384615384 0.052884615384615384
3 0.2644230769230769 0.9519230769230769 0.03365384615384615 0.03365384615384615
8 0.40865384615384615 0.8798076923076923 0.03365384615384615 0.03365384615384615
3 0.27403846153846156 0.1201923076923077 0.0673076923076923 0.0673076923076923
0 0.37259615384615385 0.8076923076923077 0.10096153846153846 0.10096153846153846
3 0.46153846153846156 0.23317307692307693 0.10096153846153846 0.10096153846153846
9 0.14423076923076922 0.40865384615384615 0.1346153846153846 0.1346153846153846
2 0.5216346153846154 0.4495192307692308 0.0673076923076923 0.0673076923076923
0 0.37259615384615385 0.5384615384615384 0.20192307692307693 0.20192307692307693
2 0.5697115384615384 0.7524038461538461 0.2692307692307692 0.2692307692307692
2 0.7067307692307693 0.36778846153846156 0.20192307692307693 0.20192307692307693
