0 0.28125 0.78125 0.052884615384615384 0.052884615384615384
3 0.5817307692307693 0.31009615384615385 0.052884615384615384 0.052884615384615384
3 0.5649038461538461 0.17307692307692307 0.03365384615384615 0.03365384615384615
4 0.11298076923076923 0.8870192307692307 0.1346153846153846 0.1346153846153846
6 0.09375 0.1466346153846154 0.1346153846153846 0.1346153846153846
7 0.7932692307692307 0.18990384615384615 0.1346153846153846 0.1346153846153846
7 0.19951923076923078 0.3125 0.10096153846153846 0.10096153846153846
9 0.6947115384615384 0.49278846153846156 0.10096153846153846 0.10096153846153846
1 0.46634615384615385 0.1778846153846154 0.2692307692307692 0.2692307692307692
1 0.5697115384615384 0.6778846153846154 0.20192307692307693 0.20192307692307693
