8 0.5745192307692307 0.6826923076923077 0.052884615384615384 0.052884615384615384
5 0.5216346153846154 0.7548076923076923 0.03365384615384615 0.03365384615384615
9 0.9591346153846154 0.33413461538461536 0.03365384615384615 0.03365384615384615
2 0.15384615384615385 0.25961538461538464 0.0673076923076923 0.0673076923076923
7 0.875 0.3269230769230769 0.1346153846153846 0.1346153846153846
7 0.11778846153846154 0.5432692307692307 0.10096153846153846 0.10096153846153846
4 0.28846153846153844 0.7884615384615384 0.1346153846153846 0.1346153846153846
4 0.42788461538461536 0.25240384615384615 0.1346153846153846 0.1346153846153846
2 0.9206730769230769 0.5072115384615384 0.10096153846153846 0.10096153846153846
5 0.8052884615384616 0.6730769230769231 0.20192307692307693 0.20192307692307693
4 0.6057692307692307 0.39903846153846156 0.2692307692307692 0.2692307692307692
5 0.43509615384615385 0.6538461538461539 0.20192307692307693 0.20192307692307693
