7 0.8004807692307693 0.4495192307692308 0.052884615384615384 0.052884615384615384
7 0.8725961538461539 0.5456730769230769 0.03365384615384615 0.03365384615384615
0 0.84375 0.03365384615384615 0.052884615384615384 0.052884615384615384
9 0.31009615384615385 0.17307692307692307 0.10096153846153846 0.10096153846153846
6 0.41346153846153844 0.8846153846153846 0.10096153846153846 0.10096153846153846
8 0.47836538461538464 0.6201923076923077 0.10096153846153846 0.10096153846153846
2 0.45913461538461536 0.3605769230769231 0.0673076923076923 0.0673076923076923
5 0.40384615384615385 0.7451923076923077 0.0673076923076923 0.0673076923076923
0 0.8317307692307693 0.23798076923076922 0.1346153846153846 0.1346153846153846
9 0.6370192307692307 0.43990384615384615 0.2692307692307692 0.2692307692307692
5 0.5865384615384616 0.13701923076923078 0.20192307692307693 0.20192307692307693
