3 0.8245192307692307 0.42788461538461536 0.052884615384615384 0.052884615384615384
7 0.2548076923076923 0.5072115384615384 0.052884615384615384 0.052884615384615384
8 0.057692307692307696 0.625 0.10096153846153846 0.10096153846153846
4 0.9423076923076923 0.7067307692307693 0.10096153846153846 0.10096153846153846
9 0.23798076923076922 0.8605769230769231 0.1346153846153846 0.1346153846153846
6 0.3389423076923077 0.6201923076923077 0.0673076923076923 0.0673076923076923
0 0.4543269230769231 0.4375 0.10096153846153846 0.10096153846153846
7 0.08413461538461539 0.8966346153846154 0.0673076923076923 0.0673076923076923
3 0.6201923076923077 0.38461538461538464 0.20192307692307693 0.20192307692307693
2 0.6947115384615384 0.6706730769230769 0.2692307692307692 0.2692307692307692
