9 0.17307692307692307 0.038461538461538464 0.052884615384615384 0.052884615384615384
8 0.38461538461538464 0.7115384615384616 0.052884615384615384 0.052884615384615384
9 0.5192307692307693 0.0673076923076923 0.052884615384615384 0.052884615384615384
2 0.30288461538461536 0.09375 0.1346153846153846 0.1346153846153846
7 0.08653846153846154 0.4879807692307692 0.1346153846153846 0.1346153846153846
6 0.8125 0.15384615384615385 0.10096153846153846 0.10096153846153846
4 0.0889423076923077 0.11538461538461539 0.1346153846153846 0.1346153846153846
5 0.41346153846153844 0.5625 0.1346153846153846 0.1346153846153846
1 0.6129807692307693 0.9014423076923077 0.0673076923076923 0.0673076923076923
6 0.625 0.6298076923076923 0.20192307692307693 0.20192307692307693
7 0.8004807692307693 0.8509615384615384 0.2692307692307692 0.2692307692307692
9 0.4110576923076923 0.8846153846153846 0.20192307692307693 0.20192307692307693
