5 0.9615384615384616 0.9326923076923077 0.03365384615384615 0.03365384615384615
6 0.14182692307692307 0.12980769230769232 0.03365384615384615 0.03365384615384615
1 0.96875 0.6971153846153846 0.052884615384615384 0.052884615384615384
4 0.8653846153846154 0.7692307692307693 0.10096153846153846 0.10096153846153846
4 0.4951923076923077 0.40384615384615385 0.10096153846153846 0.10096153846153846
8 0.8990384615384616 0.6514423076923077 0.0673076923076923 0.0673076923076923
7 0.22355769230769232 0.71875 0.0673076923076923 0.0673076923076923
4 0.1658653846153846 0.2091346153846154 0.1346153846153846 0.1346153846153846
7 0.7860576923076923 0.5528846153846154 0.1346153846153846 0.1346153846153846
9 0.6009615384615384 0.25961538461538464 0.20192307692307693 0.20192307692307693
