4 0.41346153846153844 0.5456730769230769 0.052884615384615384 0.052884615384615384
1 0.5264423076923077 0.9038461538461539 0.03365384615384615 0.03365384615384615
6 0.43028846153846156 0.1875 0.03365384615384615 0.03365384615384615
9 0.6298076923076923 0.5576923076923077 0.1346153846153846 0.1346153846153846
7 0.6490384615384616 0.8581730769230769 0.1346153846153846 0.1346153846153846
3 0.3125 0.4495192307692308 0.1346153846153846 0.1346153846153846
3 0.7091346153846154 0.34375 0.0673076923076923 0.0673076923076923
0 0.625 0.7379807692307693 0.0673076923076923 0.0673076923076923
9 0.46153846153846156 0.3269230769230769 0.20192307692307693 0.20192307692307693
9 0.33653846153846156 0.8341346153846154 0.2692307692307692 0.2692307692307692
4 0.11298076923076923 0.13221153846153846 0.20192307692307693 0.20192307692307693
