9 0.7644230769230769 0.14903846153846154 0.052884615384615384 0.052884615384615384
9 0.6105769230769231 0.03125 0.03365384615384615 0.03365384615384615
8 0.36778846153846156 0.036057692307692304 0.03365384615384615 0.03365384615384615
3 0.14423076923076922 0.2932692307692308 0.1346153846153846 0.1346153846153846
2 0.40384615384615385 0.5625 0.10096153846153846 0.10096153846153846
8 0.6610576923076923 0.04326923076923077 0.0673076923076923 0.0673076923076923
6 0.5480769230769231 0.31009615384615385 0.10096153846153846 0.10096153846153846
9 0.19471153846153846 0.5192307692307693 0.2692307692307692 0.2692307692307692
3 0.6370192307692307 0.6947115384615384 0.2692307692307692 0.2692307692307692
1 0.28125 0.8052884615384616 0.2692307692307692 0.2692307692307692
