6 0.8485576923076923 0.5144230769230769 0.03365384615384615 0.03365384615384615
1 0.6370192307692307 0.5769230769230769 0.03365384615384615 0.03365384615384615
3 0.09615384615384616 0.06490384615384616 0.03365384615384615 0.03365384615384615
7 0.25 0.07451923076923077 0.0673076923076923 0.0673076923076923
5 0.4326923076923077 0.7548076923076923 0.10096153846153846 0.10096153846153846
8 0.31971153846153844 0.6995192307692307 0.10096153846153846 0.10096153846153846
2 0.0889423076923077 0.3701923076923077 0.0673076923076923 0.0673076923076923
1 0.08173076923076923 0.18269230769230768 0.10096153846153846 0.10096153846153846
0 0.6274038461538461 0.8052884615384616 0.20192307692307693 0.20192307692307693
0 0.10817307692307693 0.6634615384615384 0.20192307692307693 0.20192307692307693
2 0.3581730769230769 0.4519230769230769 0.2692307692307692 0.2692307692307692
