9 0.2548076923076923 0.9495192307692307 0.052884615384615384 0.052884615384615384
7 0.2980769230769231 0.3942307692307692 0.03365384615384615 0.03365384615384615
2 0.7139423076923077 0.13942307692307693 0.052884615384615384 0.052884615384615384
8 0.11298076923076923 0.6394230769230769 0.0673076923076923 0.0673076923076923
4 0.3485576923076923 0.5889423076923077 0.0673076923076923 0.0673076923076923
3 0.7860576923076923 0.40625 0.0673076923076923 0.0673076923076923
3 0.07932692307692307 0.5552884615384616 0.0673076923076923 0.0673076923076923
8 0.8942307692307693 0.6875 0.1346153846153846 0.1346153846153846
3 0.59375 0.3173076923076923 0.10096153846153846 0.10096153846153846
7 0.4807692307692308 0.7884615384615384 0.2692307692307692 0.2692307692307692
