5 0.28846153846153844 0.6274038461538461 0.052884615384615384 0.052884615384615384
6 0.6225961538461539 0.39903846153846156 0.052884615384615384 0.052884615384615384
2 0.5048076923076923 0.18990384615384615 0.052884615384615384 0.052884615384615384
8 0.46634615384615385 0.2692307692307692 0.0673076923076923 0.0673076923076923
1 0.39903846153846156 0.08653846153846154 0.10096153846153846 0.10096153846153846
6 0.6346153846153846 0.5697115384615384 0.0673076923076923 0.0673076923076923
9 0.3245192307692308 0.8269230769230769 0.1346153846153846 0.1346153846153846
7 0.9375 0.8918269230769231 0.10096153846153846 0.10096153846153846
8 0.8341346153846154 0.3581730769230769 0.1346153846153846 0.1346153846153846
6 0.28365384615384615 0.31971153846153844 0.20192307692307693 0.20192307692307693
9 0.8052884615384616 0.6322115384615384 0.2692307692307692 0.2692307692307692
8 0.7259615384615384 0.16346153846153846 0.2692307692307692 0.2692307692307692
