7 0.9495192307692307 0.125 0.052884615384615384 0.052884615384615384
1 0.021634615384615384 0.6778846153846154 0.03365384615384615 0.03365384615384615
5 0.6418269230769231 0.3245192307692308 0.03365384615384615 0.03365384615384615
3 0.9567307692307693 0.18990384615384615 0.0673076923076923 0.0673076923076923
7 0.34134615384615385 0.7307692307692307 0.10096153846153846 0.10096153846153846
1 0.06490384615384616 0.5769230769230769 0.10096153846153846 0.10096153846153846
6 0.7572115384615384 0.18028846153846154 0.1346153846153846 0.1346153846153846
3 0.35096153846153844 0.4807692307692308 0.1346153846153846 0.1346153846153846
9 0.5264423076923077 0.7451923076923077 0.1346153846153846 0.1346153846153846
0 0.375 0.18028846153846154 0.2692307692307692 0.2692307692307692
