0 0.04807692307692308 0.7716346153846154 0.03365384615384615 0.03365384615384615
9 0.5432692307692307 0.4230769230769231 0.03365384615384615 0.03365384615384615
7 0.8942307692307693 0.23076923076923078 0.03365384615384615 0.03365384615384615
0 0.4639423076923077 0.11057692307692307 0.1346153846153846 0.1346153846153846
4 0.38221153846153844 0.25240384615384615 0.1346153846153846 0.1346153846153846
1 0.7788461538461539 0.4639423076923077 0.1346153846153846 0.1346153846153846
1 0.7524038461538461 0.18028846153846154 0.1346153846153846 0.1346153846153846
4 0.0673076923076923 0.18269230769230768 0.0673076923076923 0.0673076923076923
5 0.7211538461538461 0.8581730769230769 0.2692307692307692 0.2692307692307692
6 0.4423076923076923 0.7307692307692307 0.2692307692307692 0.2692307692307692
1 0.5216346153846154 0.4519230769230769 0.2692307692307692 0.2692307692307692
