7 0.46634615384615385 0.06009615384615385 0.03365384615384615 0.03365384615384615
7 0.3557692307692308 0.5096153846153846 0.03365384615384615 0.03365384615384615
9 0.15865384615384615 0.17548076923076922 0.03365384615384615 0.03365384615384615
4 0.23798076923076922 0.7764423076923077 0.10096153846153846 0.10096153846153846
4 0.7283653846153846 0.7427884615384616 0.10096153846153846 0.10096153846153846
9 0.14903846153846154 0.29086538461538464 0.10096153846153846 0.10096153846153846
4 0.6586538461538461 0.41346153846153844 0.10096153846153846 0.10096153846153846
8 0.7139423076923077 0.5673076923076923 0.20192307692307693 0.20192307692307693
7 0.5769230769230769 0.8317307692307693 0.20192307692307693 0.20192307692307693
7 0.10576923076923077 0.5384615384615384 0.20192307692307693 0.20192307692307693
