8 0.7235576923076923 0.13942307692307693 0.03365384615384615 0.03365384615384615
4 0.6394230769230769 0.19951923076923078 0.052884615384615384 0.052884615384615384
6 0.9302884615384616 0.16346153846153846 0.1346153846153846 0.1346153846153846
6 0.6298076923076923 0.3004807692307692 0.10096153846153846 0.10096153846153846
0 0.24519230769230768 0.625 0.10096153846153846 0.10096153846153846
4 0.7548076923076923 0.8173076923076923 0.10096153846153846 0.10096153846153846
9 0.4543269230769231 0.44711538461538464 0.1346153846153846 0.1346153846153846
4 0.8389423076923077 0.5048076923076923 0.2692307692307692 0.2692307692307692
3 0.40625 0.8028846153846154 0.2692307692307692 0.2692307692307692
9 0.25721153846153844 0.2668269230769231 0.2692307692307692 0.2692307692307692
